  c : -  dim stab |c|: subspaces (from output.txt) in class c.  Class c = 58 here is Class 0 in Figure 6.1. (Class c = 58+n here is class n in Fig. 6.1.)
  0 :      0 240   1 : 0 
  1 : ais  1   8  15 : 1 49 55 82 83 104 111 112 142 180 238 263 280 281 293 
  2 : ais  1   4  30 : 2 8 11 15 17 38 41 65 69 75 88 92 98 122 128 144 145 149 177 189 200 202 231 236 270 273 296 301 302 304 
  3 : ais  1   4  30 : 3 12 13 18 20 22 25 34 40 64 66 91 105 116 118 121 155 158 176 179 217 219 232 247 267 274 277 289 314 322 
  4 : ais  1   8  15 : 4 5 6 10 14 23 45 68 79 125 140 182 245 276 298 
  5 : ais  1   4  30 : 7 27 31 33 42 56 71 72 78 86 123 127 133 134 138 159 171 185 188 193 212 240 242 246 278 284 295 311 312 321 
  6 : ais  1   2  60 : 9 24 36 37 46 47 52 59 60 61 77 80 81 89 90 93 100 101 102 106 108 109 110 115 117 124 135 136 139 141 152 160 170 183 184 187 195 201 210 211 233 235 239 244 264 265 266 269 271 275 279 283 287 288 291 299 305 306 316 323 
  7 : ais  1  12  10 : 16 35 67 87 114 132 174 234 290 303 
  8 : ais  1   4  30 : 19 29 30 32 63 70 74 85 126 131 137 147 157 162 175 178 190 194 197 218 222 227 241 243 285 308 310 313 319 320 
  9 : ais  1   4  30 : 21 26 39 43 53 57 95 99 119 120 154 156 165 172 191 206 213 216 220 229 249 253 257 261 272 286 315 324 330 332 
 10 : ais  1   8  15 : 28 73 150 161 164 186 198 215 223 225 230 251 309 318 335 
 11 : ais  1   4  30 : 44 50 58 62 76 84 96 97 129 130 146 148 167 173 192 196 199 205 214 228 248 254 256 268 292 297 300 307 329 333 
 12 : ais  1   8  15 : 48 54 94 103 143 153 181 203 208 237 258 262 294 317 328 
 13 : ais  1  12  10 : 51 107 113 151 169 259 260 282 326 327 
 14 : ais  1  12  10 : 163 166 204 221 224 226 250 252 334 336 
 15 : ais  1  20   6 : 168 207 209 255 325 331 
 16 :      2  20   6 : 337 350 385 444 489 495 
 17 :      2  20   6 : 338 351 370 443 484 485 
 18 : ais  2   8  15 : 339 341 344 345 347 356 358 372 412 452 454 479 480 491 494 
 19 : ais  2   8  15 : 340 343 349 359 362 366 373 411 447 448 457 460 463 483 490 
 20 : ais  2   4  30 : 342 346 348 352 353 354 355 357 361 363 364 365 371 413 433 445 446 449 450 451 453 455 456 459 461 462 481 482 492 493 
 21 :      2  24   5 : 360 414 458 523 524 
 22 : ais  2   4  30 : 367 375 380 391 400 403 406 410 420 423 424 427 434 435 439 442 466 468 472 473 474 488 505 506 507 510 517 518 520 521 
 23 : ais  2   4  15 : 368 377 379 386 390 393 407 425 431 437 464 502 516 522 532 
 24 : ais  2   4  30 : 369 376 381 383 384 387 388 392 399 401 402 405 415 419 422 426 465 469 471 475 478 487 497 498 499 500 526 527 528 529 
 25 : ais  2   4  15 : 374 408 409 416 417 438 467 470 476 477 486 496 508 509 525 
 26 : ais  2   2  30 : 378 382 389 394 395 396 397 398 404 418 421 428 429 430 432 436 440 441 501 503 504 511 512 513 514 515 519 530 531 533 
 27 : ais  3   4  15 : 534 540 545 546 549 551 552 557 560 570 571 576 580 584 586 
 28 : ais  3   8  15 : 535 536 537 541 543 556 558 562 563 567 569 574 575 579 587 
 29 : ais  3   2  10 : 538 539 542 544 554 555 559 561 568 577 
 30 : ais  3   4  15 : 547 548 550 553 564 565 566 572 573 578 581 582 583 585 588 
 31 :      4  10   6 : 589 591 609 610 627 641 
 32 :      4  12  10 : 590 596 601 604 611 617 626 629 638 639 
 33 :      4  12  10 : 592 597 602 605 613 615 628 634 640 645 
 34 : ais  4   8  15 : 593 594 595 603 606 607 616 618 619 635 636 643 644 647 649 
 35 : ais  4   4  15 : 598 599 600 608 612 614 620 623 625 630 631 637 642 648 650 
 36 :      4  20   6 : 621 622 624 632 633 646 
 37 : ais  5   4  15 : 651 652 653 654 655 656 657 658 659 660 661 662 663 664 665 
 38 :      6   8   5 : 666 667 668 683 688 
 39 :      6  12  10 : 669 670 676 677 678 679 680 682 684 690 
 40 :      6  10   6 : 671 674 675 681 686 691 
 41 :      6  10   6 : 672 673 685 687 689 692 
 42 :      7   8  15 : 693 694 696 697 699 701 702 703 707 710 711 717 718 719 722 
 43 : ais  7   4  15 : 695 698 700 704 705 706 708 709 712 713 714 715 716 720 721 
 44 :      8   6  10 : 723 724 726 727 730 731 735 737 743 744 
 45 :      8   8  15 : 725 728 729 732 733 734 736 738 739 740 741 742 745 746 747 
 46 :     10   6  10 : 748 749 750 752 753 757 759 761 762 763 
 47 :     10   6  10 : 751 754 755 756 758 760 764 765 766 767 
 48 :     13   4  15 : 768 769 770 771 772 773 774 775 776 777 778 779 780 781 782 
 49 :     14   4  15 : 783 785 787 789 791 793 794 797 799 801 803 805 807 809 811 
 50 :     14   4  15 : 784 786 788 790 792 795 796 798 800 802 804 806 808 810 812 
 51 :     15   4  15 : 813 815 818 820 822 825 828 832 834 835 837 839 840 847 857 
 52 :     15   4  15 : 814 816 817 819 821 830 833 836 838 841 842 843 850 852 853 
 53 :     15   4  15 : 823 824 826 827 829 831 844 845 846 848 849 851 854 855 856 
 54 :     16   4  15 : 858 859 860 861 862 863 864 865 866 867 868 869 870 871 872 
 55 :     28   2  15 : 873 874 875 876 877 878 879 880 881 882 883 884 885 886 887 
 56 :     30   2  15 : 888 889 890 891 892 893 894 895 896 897 898 899 900 901 902 
 57 :     30   2   1 : 903 
 58 :      1 120   1 : 904  %%% Class 0 in Figure 6.1  (Classes here and below contain synchrony subspaces. Classes above contain anti-synchrony subspaces.)
 59 : ais  2  12  10 : 905 906 913 914 915 916 917 920 924 925  %%% Class 1 in Figure 6.1
 60 : ais  2  20   6 : 907 911 912 918 919 923 
 61 : ais  2  24   5 : 908 909 910 921 922 
 62 : ais  3  12  10 : 926 927 929 935 936 938 945 946 950 952 %%% Class 4 in Figure 6.1
 63 : ais  3   8  15 : 928 930 931 932 933 937 940 941 944 947 948 949 951 954 955 
 64 :      3  24   5 : 934 939 942 943 953 
 65 :      4  20   6 : 956 958 962 963 964 974 
 66 : ais  4   8   5 : 957 965 969 971 973 
 67 : ais  4   6  10 : 959 960 961 966 967 968 970 972 975 976 
 68 : ais  5   8  15 : 977 980 981 983 984 987 988 991 994 996 997 1000 1002 1009 1011 
 69 : ais  5   4  15 : 978 979 982 985 992 993 995 998 1001 1003 1005 1006 1007 1008 1010 
 70 :      5  12   5 : 986 989 990 999 1004 
 71 :      6  12  10 : 1012 1014 1026 1027 1029 1037 1038 1039 1051 1061 %%% Class 13 in Figure 64
 72 : ais  6   8  15 : 1013 1016 1017 1021 1025 1028 1031 1033 1034 1035 1040 1044 1045 1050 1056 
 73 : ais  6   4  15 : 1015 1023 1024 1032 1036 1041 1042 1046 1047 1049 1052 1053 1057 1058 1059 
 74 :      6  10   6 : 1018 1030 1048 1055 1060 1062 
 75 :      6  10   6 : 1019 1020 1022 1043 1054 1063 
 76 : ais  7   4  15 : 1064 1065 1067 1068 1069 1072 1073 1074 1076 1077 1079 1081 1082 1087 1088 
 77 : ais  7   2  10 : 1066 1070 1071 1075 1078 1080 1083 1084 1085 1086 
 78 :      8  10   6 : 1089 1090 1093 1094 1097 1101 
 79 : ais  8   4  15 : 1091 1092 1095 1096 1098 1099 1100 1102 1103 1104 1105 1106 1107 1108 1109 
 80 :      9   8   5 : 1110 1111 1112 1113 1114 
 81 : ais 10   4  15 : 1115 1116 1118 1122 1123 1124 1125 1126 1127 1128 1131 1143 1146 1147 1148 
 82 :     10   6  10 : 1117 1119 1120 1129 1130 1132 1137 1140 1142 1144 
 83 :     10   6  10 : 1121 1133 1134 1135 1136 1138 1141 1145 1149 1150 
 84 : ais 10   2   1 : 1139 
 85 :     12   6  10 : 1151 1152 1154 1155 1158 1160 1161 1162 1164 1166 
 86 :     12   5   6 : 1153 1156 1157 1159 1163 1165 
 87 :     15   4   5 : 1167 1168 1169 1170 1171 
 88 :     16   4  15 : 1172 1173 1174 1175 1176 1177 1178 1179 1180 1181 1182 1183 1184 1185 1186 
 89 :     17   4  15 : 1187 1188 1189 1190 1191 1192 1193 1194 1195 1196 1197 1198 1199 1200 1201 
 90 :     20   3  10 : 1202 1203 1204 1205 1206 1207 1208 1209 1210 1211 
 91 :     30   2  15 : 1212 1213 1214 1215 1216 1217 1218 1219 1220 1221 1222 1223 1224 1225 1227 
 92 :     30   2   1 : 1226 
 93 :     32   2  15 : 1228 1229 1230 1231 1232 1233 1234 1235 1236 1237 1238 1239 1240 1241 1242 
 94 :     60   1   1 : 1243 
